DISPLAY_TIME	KEY_RESPONSE_TIME	RT	DOOR	block_level_1	N_BLOCK
59144.62	62506.99	3362	door003.jpg	1	0
67860.48	71942.42	4081	door003.jpg	1	0
77309.59	81787.82	4478	door004.jpg	1	0
82742.43	85505.96	2763	door003.jpg	1	0
90875.02	96131.17	5256	door001.jpg	1	0
97091.11	98369.61	1278	door003.jpg	1	0
103723.84	105764.99	2041	door004.jpg	1	0
106723.56	107586.40	862	door005.jpg	1	0
112923.00	113437.63	514	door001.jpg	1	0
114389.53	115450.18	1060	door005.jpg	1	0
120788.93	121299.07	510	door003.jpg	1	0
126655.06	127292.92	637	door001.jpg	1	0
128288.25	128940.63	652	door005.jpg	1	0
134271.03	134789.31	518	door004.jpg	1	0
135737.57	136399.29	661	door004.jpg	1	0
137337.43	137982.05	644	door001.jpg	1	0
138937.27	139637.28	700	door005.jpg	1	0
144970.05	145389.68	419	door001.jpg	1	0
146353.26	147645.85	1292	door004.jpg	1	0
148586.38	149148.73	562	door005.jpg	1	0
498870.84	499722.97	852	door010.jpg	2	1
500704.01	503345.36	2641	door011.jpg	2	1
508686.62	510412.51	1725	door011.jpg	2	1
515752.62	516589.66	837	door011.jpg	2	1
521935.39	522304.47	369	door009.jpg	2	1
527651.53	528348.89	697	door009.jpg	2	1
533700.98	534028.42	327	door009.jpg	2	1
539400.44	540401.22	1000	door007.jpg	2	1
541350.28	542522.38	1172	door010.jpg	2	1
543466.74	544084.01	617	door010.jpg	2	1
545016.60	545484.60	468	door010.jpg	2	1
546433.13	546905.93	472	door007.jpg	2	1
547866.34	548208.90	342	door011.jpg	2	1
553549.15	554327.91	778	door007.jpg	2	1
555282.33	555909.79	627	door009.jpg	2	1
561265.12	562242.81	977	door011.jpg	2	1
567581.21	567950.71	369	door010.jpg	2	1
568897.75	569440.20	542	door009.jpg	2	1
574797.20	575131.21	334	door007.jpg	2	1
576080.41	576480.54	400	door007.jpg	2	1
722983.57	723863.66	880	door017.jpg	3	2
729233.00	729789.99	556	door016.jpg	3	2
730749.52	731100.47	350	door016.jpg	3	2
732049.41	732447.90	398	door016.jpg	3	2
733399.28	734155.63	756	door017.jpg	3	2
739498.72	740162.09	663	door017.jpg	3	2
745514.85	745864.84	349	door016.jpg	3	2
746831.37	747618.72	787	door013.jpg	3	2
748597.88	749582.41	984	door015.jpg	3	2
754913.98	755642.86	728	door013.jpg	3	2
756580.50	757060.22	479	door015.jpg	3	2
762396.62	762879.30	482	door016.jpg	3	2
763829.82	764160.89	331	door015.jpg	3	2
769495.97	769998.86	502	door015.jpg	3	2
775328.77	776333.04	1004	door013.jpg	3	2
777278.59	778081.90	803	door013.jpg	3	2
779028.42	781807.93	2779	door017.jpg	3	2
787161.02	787481.71	320	door013.jpg	3	2
788427.57	788986.11	558	door015.jpg	3	2
794327.02	795060.17	733	door017.jpg	3	2
939480.33	940540.25	1059	door019.jpg	4	3
941513.48	942202.12	688	door019.jpg	4	3
943163.33	943556.89	393	door019.jpg	4	3
944529.88	945672.07	1142	door018.jpg	4	3
946629.68	947169.66	539	door018.jpg	4	3
948129.53	948944.46	814	door020.jpg	4	3
954278.97	954785.42	506	door020.jpg	4	3
960111.77	960808.15	696	door019.jpg	4	3
961778.28	962356.12	577	door021.jpg	4	3
967777.74	968278.11	500	door018.jpg	4	3
969227.60	969635.57	407	door021.jpg	4	3
974993.75	975565.92	572	door018.jpg	4	3
976510.27	977364.47	854	door019.jpg	4	3
978326.76	978719.69	392	door021.jpg	4	3
984076.23	984510.04	433	door020.jpg	4	3
989842.37	990606.52	764	door021.jpg	4	3
995958.48	996528.86	570	door018.jpg	4	3
997475.02	998073.57	598	door020.jpg	4	3
1003407.81	1003945.20	537	door021.jpg	4	3
1009290.60	1010135.61	845	door020.jpg	4	3
1133345.84	1134120.69	774	door026.jpg	5	4
1139478.61	1142145.86	2667	door024.jpg	5	4
1143094.94	1143405.94	310	door027.jpg	5	4
1148777.77	1149054.44	276	door025.jpg	5	4
1150010.98	1150405.11	394	door024.jpg	5	4
1151344.20	1151949.78	605	door026.jpg	5	4
1157276.98	1157444.72	167	door027.jpg	5	4
1162793.14	1163246.33	453	door025.jpg	5	4
1164209.69	1164609.47	399	door026.jpg	5	4
1169942.48	1170496.24	553	door024.jpg	5	4
1171442.35	1172461.29	1018	door025.jpg	5	4
1173425.50	1173910.25	484	door025.jpg	5	4
1174875.36	1175767.78	892	door027.jpg	5	4
1181124.79	1182066.56	941	door024.jpg	5	4
1183007.96	1183477.21	469	door027.jpg	5	4
1188824.10	1189308.28	484	door027.jpg	5	4
1194656.88	1195123.78	466	door026.jpg	5	4
1200456.35	1201213.23	756	door024.jpg	5	4
1202156.19	1202954.89	798	door026.jpg	5	4
1208288.96	1209120.69	831	door025.jpg	5	4
1311462.81	1311855.07	392	door033.jpg	6	5
1317212.29	1318124.25	911	door030.jpg	6	5
1319095.43	1319477.34	381	door031.jpg	6	5
1320428.64	1321129.43	700	door032.jpg	6	5
1326478.11	1327034.37	556	door032.jpg	6	5
1332377.56	1332844.66	467	door031.jpg	6	5
1333794.10	1334110.33	316	door031.jpg	6	5
1335043.97	1335366.74	322	door030.jpg	6	5
1336327.19	1337074.99	747	door033.jpg	6	5
1342409.97	1343293.96	883	door030.jpg	6	5
1344243.13	1344724.27	481	door032.jpg	6	5
1350075.92	1350573.85	497	door031.jpg	6	5
1351509.12	1352110.38	601	door033.jpg	6	5
1357441.92	1357834.26	392	door032.jpg	6	5
1363191.39	1363884.67	693	door033.jpg	6	5
1369224.16	1371175.25	1951	door032.jpg	6	5
1376523.50	1376964.88	441	door031.jpg	6	5
1377906.71	1378533.86	627	door033.jpg	6	5
1383872.82	1384618.56	745	door030.jpg	6	5
1385572.66	1385941.05	368	door030.jpg	6	5
