DISPLAY_TIME	KEY_RESPONSE_TIME	RT	DOOR	block_level_1	N_BLOCK
133941.93	143123.18	9181	door001.jpg	1	0
144074.42	148486.14	4411	door001.jpg	1	0
149457.32	151362.08	1904	door005.jpg	1	0
156690.05	157544.73	854	door005.jpg	1	0
162906.20	165580.61	2674	door003.jpg	1	0
170988.85	172887.38	1898	door004.jpg	1	0
173821.97	177169.53	3347	door001.jpg	1	0
178154.93	178738.58	583	door003.jpg	1	0
184104.44	188084.93	3980	door004.jpg	1	0
189037.36	191962.47	2925	door004.jpg	1	0
192903.71	197645.62	4741	door001.jpg	1	0
198636.55	202143.01	3506	door004.jpg	1	0
203086.20	204646.93	1560	door003.jpg	1	0
210002.28	210565.79	563	door005.jpg	1	0
215901.80	215914.34	12	door005.jpg	1	0
221251.35	222013.57	762	door003.jpg	1	0
227367.51	227818.92	451	door005.jpg	1	0
233150.36	233648.91	498	door004.jpg	1	0
234583.58	235029.27	445	door003.jpg	1	0
240383.09	241031.80	648	door001.jpg	1	0
495745.21	503967.10	8221	door007.jpg	2	1
504944.44	507164.04	2219	door010.jpg	2	1
508127.51	509572.62	1445	door007.jpg	2	1
510510.66	511076.06	565	door010.jpg	2	1
512043.85	513212.16	1168	door009.jpg	2	1
518559.98	518947.72	387	door011.jpg	2	1
524292.84	525360.06	1067	door009.jpg	2	1
530692.31	531262.89	570	door009.jpg	2	1
536591.83	537423.45	831	door010.jpg	2	1
538375.02	538987.59	612	door011.jpg	2	1
544341.18	545014.58	673	door010.jpg	2	1
545974.38	547501.70	1527	door007.jpg	2	1
548440.83	549132.15	691	door010.jpg	2	1
550090.70	550699.40	608	door011.jpg	2	1
556056.88	556761.35	704	door009.jpg	2	1
562089.71	562734.04	644	door011.jpg	2	1
568089.20	568664.03	574	door011.jpg	2	1
574022.06	574677.18	655	door007.jpg	2	1
575621.90	576121.73	499	door009.jpg	2	1
581454.76	582001.30	546	door007.jpg	2	1
732025.58	733343.94	1318	door017.jpg	3	2
738708.38	742072.27	3363	door016.jpg	3	2
743058.00	744310.20	1252	door013.jpg	3	2
745274.48	746306.71	1032	door013.jpg	3	2
747257.66	748273.18	1015	door015.jpg	3	2
753607.13	754209.39	602	door015.jpg	3	2
759539.97	760464.19	924	door016.jpg	3	2
761456.49	763663.84	2207	door017.jpg	3	2
769022.52	772372.96	3350	door017.jpg	3	2
777721.78	778293.11	571	door016.jpg	3	2
779255.01	780129.43	874	door015.jpg	3	2
785471.16	785495.71	24	door013.jpg	3	2
786437.73	786650.62	212	door017.jpg	3	2
792003.95	792421.32	417	door013.jpg	3	2
793370.49	793720.81	350	door015.jpg	3	2
799053.36	799396.02	342	door015.jpg	3	2
804736.22	805236.78	500	door017.jpg	3	2
810585.73	811320.25	734	door013.jpg	3	2
812268.92	812979.92	710	door016.jpg	3	2
813935.46	814402.38	466	door016.jpg	3	2
953507.19	954682.80	1175	door019.jpg	4	3
955673.68	959896.75	4223	door021.jpg	4	3
965239.55	967975.48	2735	door019.jpg	4	3
968972.58	969658.79	686	door018.jpg	4	3
970622.44	971048.68	426	door018.jpg	4	3
971989.00	972359.43	370	door021.jpg	4	3
977705.18	978736.37	1031	door021.jpg	4	3
984104.65	984320.05	215	door020.jpg	4	3
989654.18	990166.84	512	door019.jpg	4	3
991120.72	991360.00	239	door019.jpg	4	3
992320.64	992457.21	136	door021.jpg	4	3
997803.50	998791.52	988	door018.jpg	4	3
999736.69	1001162.56	1425	door020.jpg	4	3
1006502.78	1007324.43	821	door020.jpg	4	3
1012652.27	1013083.31	431	door021.jpg	4	3
1018435.13	1020244.86	1809	door019.jpg	4	3
1021201.57	1022036.46	834	door018.jpg	4	3
1022984.75	1023262.23	277	door018.jpg	4	3
1024201.31	1024509.69	308	door020.jpg	4	3
1029850.85	1030273.80	422	door020.jpg	4	3
1177955.19	1181072.56	3117	door024.jpg	5	4
1182038.20	1182444.34	406	door026.jpg	5	4
1187771.07	1188329.12	558	door024.jpg	5	4
1189270.94	1189685.91	414	door024.jpg	5	4
1190620.83	1191080.54	459	door026.jpg	5	4
1196437.02	1198004.34	1567	door025.jpg	5	4
1198986.79	1199588.84	602	door027.jpg	5	4
1204936.30	1205415.57	479	door025.jpg	5	4
1206369.53	1206740.42	370	door025.jpg	5	4
1207702.74	1208281.12	578	door024.jpg	5	4
1209219.28	1209907.97	688	door027.jpg	5	4
1215252.12	1215882.69	630	door025.jpg	5	4
1216835.31	1217252.88	417	door027.jpg	5	4
1222601.50	1223098.83	497	door027.jpg	5	4
1228451.02	1229067.18	616	door026.jpg	5	4
1234400.51	1234775.15	374	door026.jpg	5	4
1240116.72	1240792.78	676	door027.jpg	5	4
1246166.20	1246600.97	434	door026.jpg	5	4
1251932.40	1252322.85	390	door025.jpg	5	4
1253298.94	1255343.98	2045	door024.jpg	5	4
1385337.97	1386221.20	883	door031.jpg	6	5
1387204.50	1387576.74	372	door032.jpg	6	5
1392937.35	1393878.57	941	door033.jpg	6	5
1399253.50	1400170.89	917	door030.jpg	6	5
1401103.35	1402161.50	1058	door031.jpg	6	5
1403119.84	1403539.52	419	door033.jpg	6	5
1408886.02	1409341.28	455	door033.jpg	6	5
1414685.54	1415323.29	637	door030.jpg	6	5
1416268.74	1417361.55	1092	door032.jpg	6	5
1422701.55	1423529.73	828	door031.jpg	6	5
1424484.74	1424858.64	373	door030.jpg	6	5
1425801.29	1426216.70	415	door032.jpg	6	5
1431550.81	1432032.39	481	door030.jpg	6	5
1432967.37	1433339.99	372	door031.jpg	6	5
1434300.59	1434524.64	224	door031.jpg	6	5
1435483.82	1435840.72	356	door033.jpg	6	5
1441200.01	1441463.95	263	door033.jpg	6	5
1446816.22	1447182.21	365	door032.jpg	6	5
1452515.75	1452925.53	409	door030.jpg	6	5
1453865.63	1454209.61	343	door032.jpg	6	5
